0	0.693147
0	0.685636
0	0.67824
0	0.670957
1	0.663785
2	0.656724
2	0.649771
2	0.642924
2	0.636182
2	0.629543
3	0.623006
4	0.616567
5	0.610227
5	0.603984
5	0.597834
5	0.591778
5	0.585814
6	0.57994
7	0.574155
7	0.568457
7	0.562845
7	0.557317
8	0.551872
9	0.546508
10	0.541224
10	0.536019
10	0.530891
10	0.52584
10	0.520863
11	0.515959
12	0.511127
12	0.506366
12	0.501675
12	0.497053
12	0.492497
13	0.488008
14	0.483584
14	0.479224
14	0.474926
14	0.47069
14	0.466515
15	0.462399
16	0.458342
16	0.454342
16	0.450399
16	0.446511
16	0.442678
17	0.438899
18	0.435172
18	0.431497
18	0.427873
18	0.424299
18	0.420774
19	0.417298
20	0.413869
20	0.410487
20	0.407151
20	0.403859
20	0.400612
20	0.397409
20	0.394249
20	0.39113
20	0.388053
20	0.385017
20	0.382021
20	0.379064
21	0.376146
22	0.373266
23	0.370423
23	0.367617
23	0.364848
23	0.362114
24	0.359414
25	0.35675
25	0.354119
25	0.351521
25	0.348956
25	0.346424
26	0.343923
27	0.341453
27	0.339014
27	0.336605
27	0.334225
27	0.331875
28	0.329554
29	0.32726
29	0.324995
29	0.322757
29	0.320546
30	0.318361
31	0.316202
32	0.314069
32	0.311961
32	0.309878
32	0.30782
33	0.305786
34	0.303775
35	0.301788
35	0.299823
35	0.297882
35	0.295962
35	0.294065
36	0.292189
37	0.290334
38	0.2885
38	0.286687
38	0.284895
38	0.283122
39	0.281369
40	0.279635
41	0.277921
41	0.276225
41	0.274548
41	0.272889
41	0.271248
42	0.269625
43	0.268019
44	0.266431
44	0.264859
44	0.263304
44	0.261766
44	0.260244
45	0.258738
46	0.257248
46	0.255773
46	0.254314
46	0.25287
46	0.251441
47	0.250026
48	0.248626
49	0.24724
49	0.245869
49	0.244511
49	0.243167
49	0.241836
50	0.240519
51	0.239215
51	0.237923
51	0.236645
51	0.235379
51	0.234126
52	0.232885
53	0.231655
53	0.230438
53	0.229233
53	0.228039
53	0.226857
54	0.225686
55	0.224526
55	0.223377
55	0.222239
55	0.221112
55	0.219995
56	0.218889
57	0.217793
57	0.216708
57	0.215632
57	0.214566
57	0.21351
58	0.212464
59	0.211427
59	0.2104
59	0.209382
59	0.208373
59	0.207373
60	0.206382
61	0.2054
61	0.204427
61	0.203462
61	0.202506
61	0.201558
62	0.200619
63	0.199687
63	0.198764
63	0.197849
63	0.196942
63	0.196042
64	0.195151
65	0.194266
65	0.19339
65	0.192521
65	0.191659
65	0.190804
66	0.189957
67	0.189117
67	0.188283
67	0.187457
67	0.186638
67	0.185825
68	0.185019
69	0.184219
69	0.183426
69	0.18264
69	0.18186
69	0.181086
70	0.180319
71	0.179557
71	0.178802
71	0.178053
71	0.177309
71	0.176572
72	0.17584
73	0.175115
73	0.174395
73	0.17368
73	0.172971
73	0.172268
74	0.17157
75	0.170877
76	0.17019
76	0.169508
76	0.168831
76	0.168159
77	0.167493
78	0.166831
79	0.166175
79	0.165523
79	0.164877
79	0.164235
80	0.163598
81	0.162966
82	0.162338
82	0.161715
82	0.161096
82	0.160482
82	0.159873
83	0.159268
84	0.158667
84	0.158071
84	0.157479
84	0.156892
84	0.156308
84	0.155729
85	0.155154
86	0.154583
87	0.154015
87	0.153452
87	0.152893
87	0.152338
88	0.151787
89	0.151239
90	0.150696
90	0.150156
90	0.14962
90	0.149087
91	0.148559
92	0.148033
93	0.147512
93	0.146994
93	0.146479
93	0.145968
93	0.145461
94	0.144957
95	0.144456
95	0.143958
95	0.143464
95	0.142973
95	0.142486
96	0.142001
97	0.14152
97	0.141042
97	0.140567
97	0.140096
97	0.139627
98	0.139161
99	0.138699
99	0.138239
99	0.137782
99	0.137328
99	0.136878
100	0.13643
101	0.135984
101	0.135542
101	0.135103
101	0.134666
101	0.134232
102	0.133801
103	0.133372
103	0.132946
103	0.132523
103	0.132102
103	0.131684
104	0.131269
105	0.130856
105	0.130446
105	0.130038
105	0.129632
106	0.12923
107	0.128829
108	0.128431
108	0.128036
108	0.127642
108	0.127251
109	0.126863
110	0.126477
110	0.126093
110	0.125711
110	0.125332
110	0.124955
111	0.12458
112	0.124207
112	0.123837
112	0.123468
112	0.123102
112	0.122738
113	0.122376
114	0.122016
114	0.121658
114	0.121303
114	0.120949
114	0.120597
115	0.120248
116	0.1199
116	0.119554
116	0.119211
116	0.118869
116	0.118529
117	0.118191
118	0.117855
118	0.117521
118	0.117188
118	0.116858
118	0.116529
119	0.116203
120	0.115878
121	0.115554
121	0.115233
121	0.114913
121	0.114595
121	0.114279
122	0.113965
123	0.113652
123	0.113341
123	0.113031
123	0.112724
123	0.112418
124	0.112113
125	0.11181
125	0.111509
125	0.11121
125	0.110911
125	0.110615
126	0.11032
127	0.110027
127	0.109735
127	0.109445
127	0.109156
127	0.108869
128	0.108583
129	0.108299
130	0.108016
130	0.107735
130	0.107455
130	0.107177
130	0.1069
131	0.106624
132	0.10635
132	0.106077
132	0.105806
132	0.105536
132	0.105267
133	0.105
134	0.104734
134	0.104469
134	0.104206
134	0.103944
134	0.103683
135	0.103424
136	0.103166
137	0.102909
137	0.102654
137	0.102399
137	0.102146
138	0.101895
139	0.101644
139	0.101395
139	0.101147
139	0.1009
139	0.100654
140	0.10041
141	0.100166
142	0.099924
142	0.099683
142	0.099443
142	0.099205
143	0.098967
144	0.098731
144	0.098495
144	0.098261
144	0.098028
144	0.097796
145	0.097565
146	0.097336
146	0.097107
146	0.096879
146	0.096653
146	0.096427
147	0.096203
148	0.095979
148	0.095757
148	0.095535
148	0.095315
148	0.095096
149	0.094877
150	0.09466
150	0.094444
150	0.094228
150	0.094014
150	0.093801
151	0.093588
152	0.093377
153	0.093166
153	0.092957
153	0.092748
153	0.092541
154	0.092334
155	0.092128
156	0.091923
156	0.091719
156	0.091516
156	0.091314
156	0.091112
157	0.090912
158	0.090713
158	0.090514
158	0.090316
158	0.090119
159	0.089923
160	0.089728
161	0.089534
161	0.08934
161	0.089147
161	0.088956
162	0.088765
163	0.088574
163	0.088385
163	0.088196
163	0.088009
163	0.087822
164	0.087636
165	0.08745
165	0.087266
165	0.087082
165	0.086899
165	0.086716
166	0.086535
167	0.086354
168	0.086174
169	0.085995
170	0.085817
171	0.085639
172	0.085462
173	0.085286
174	0.08511
175	0.084935
176	0.084761
177	0.084588
178	0.084415
179	0.084243
180	0.084072
181	0.083902
182	0.083732
183	0.083563
184	0.083394
185	0.083226
186	0.083059
187	0.082893
188	0.082727
189	0.082562
189	0.082398
189	0.082234
189	0.082071
189	0.081908
189	0.081746
189	0.081585
189	0.081425
189	0.081265
189	0.081106
189	0.080947
189	0.080789
189	0.080632
190	0.080475
191	0.080319
192	0.080163
193	0.080008
194	0.079854
195	0.0797
196	0.079547
197	0.079394
198	0.079242
199	0.079091
200	0.07894
201	0.07879
202	0.078641
203	0.078491
204	0.078343
205	0.078195
206	0.078048
207	0.077901
208	0.077755
209	0.077609
210	0.077464
211	0.077319
212	0.077175
213	0.077032
214	0.076889
215	0.076746
216	0.076605
217	0.076463
217	0.076322
217	0.076182
217	0.076042
217	0.075903
217	0.075764
217	0.075626
217	0.075488
217	0.075351
217	0.075214
217	0.075078
217	0.074942
217	0.074807
217	0.074672
217	0.074538
217	0.074404
217	0.074271
217	0.074138
217	0.074006
217	0.073874
217	0.073743
217	0.073612
217	0.073482
217	0.073352
217	0.073222
217	0.073093
217	0.072965
217	0.072837
217	0.072709
218	0.072582
219	0.072455
220	0.072329
221	0.072203
222	0.072078
223	0.071953
224	0.071828
225	0.071704
226	0.07158
227	0.071457
228	0.071334
229	0.071212
230	0.07109
231	0.070969
232	0.070848
233	0.070727
234	0.070607
235	0.070487
236	0.070367
237	0.070248
238	0.07013
239	0.070012
240	0.069894
241	0.069776
242	0.069659
243	0.069543
244	0.069427
245	0.069311
246	0.069195
247	0.06908
247	0.068966
247	0.068852
247	0.068738
247	0.068624
248	0.068511
249	0.068398
249	0.068286
249	0.068174
249	0.068063
249	0.067951
250	0.06784
251	0.06773
252	0.06762
252	0.06751
252	0.067401
252	0.067292
252	0.067183
253	0.067075
254	0.066967
254	0.066859
254	0.066752
254	0.066645
254	0.066538
255	0.066432
256	0.066326
256	0.066221
256	0.066116
256	0.066011
256	0.065906
257	0.065802
258	0.065698
259	0.065595
260	0.065492
260	0.065389
260	0.065286
261	0.065184
262	0.065082
263	0.064981
263	0.06488
263	0.064779
263	0.064678
263	0.064578
264	0.064478
265	0.064378
265	0.064279
265	0.06418
265	0.064081
265	0.063983
266	0.063885
267	0.063787
267	0.06369
267	0.063593
267	0.063496
268	0.063399
269	0.063303
270	0.063207
270	0.063111
270	0.063016
270	0.062921
271	0.062826
272	0.062732
273	0.062638
273	0.062544
273	0.06245
273	0.062357
273	0.062264
274	0.062171
275	0.062079
275	0.061986
275	0.061894
275	0.061803
276	0.061711
277	0.06162
277	0.06153
277	0.061439
277	0.061349
277	0.061259
278	0.061169
279	0.06108
280	0.06099
280	0.060902
280	0.060813
280	0.060725
280	0.060636
281	0.060549
282	0.060461
282	0.060374
282	0.060286
282	0.0602
282	0.060113
283	0.060027
284	0.059941
284	0.059855
284	0.059769
284	0.059684
284	0.059599
285	0.059514
286	0.05943
287	0.059345
287	0.059261
287	0.059177
287	0.059094
287	0.05901
288	0.058927
289	0.058844
289	0.058762
289	0.058679
289	0.058597
289	0.058515
290	0.058434
291	0.058352
291	0.058271
291	0.05819
291	0.058109
291	0.058029
292	0.057948
293	0.057868
293	0.057788
293	0.057709
293	0.057629
294	0.05755
295	0.057471
296	0.057393
296	0.057314
296	0.057236
296	0.057158
297	0.05708
298	0.057002
299	0.056925
299	0.056848
299	0.056771
299	0.056694
300	0.056617