0	0.693147
0	0.623007
0	0.562846
0	0.511124
0	0.466515
1	0.427872
2	0.394246
3	0.364843
4	0.339008
4	0.3162
5	0.295959
5	0.277917
5	0.261764
5	0.247238
6	0.234122
7	0.222236
8	0.211423
9	0.201555
9	0.192518
9	0.184217
9	0.17657
9	0.169506
10	0.162963
11	0.15689
12	0.151238
13	0.145966
13	0.14104
13	0.136428
13	0.132101
13	0.128034
13	0.124206
14	0.120596
15	0.117187
16	0.113963
16	0.11091
16	0.108015
16	0.105266
16	0.102653
16	0.100165
17	0.097795
18	0.095535
19	0.093376
19	0.091313
19	0.089339
19	0.08745
19	0.085638
19	0.083901
20	0.082233
21	0.080631
22	0.079091
22	0.077608
22	0.076182
22	0.074807
22	0.073481
23	0.072202
24	0.070968
25	0.069776
25	0.068624
25	0.06751
25	0.066432
25	0.065388
25	0.064378
26	0.063399
27	0.06245
28	0.061529
28	0.060636
28	0.059769
28	0.058927
28	0.058109
29	0.057314
30	0.056541
31	0.055789
32	0.055057
32	0.054345
32	0.053651
32	0.052975
32	0.052317
33	0.051675
34	0.05105
35	0.05044
35	0.049844
36	0.049263
36	0.048696
36	0.048142
36	0.047601
37	0.047073
38	0.046556
39	0.046051
40	0.045557
40	0.045074
40	0.044602
40	0.04414
40	0.043687
41	0.043244
42	0.042811
43	0.042386
44	0.04197
44	0.041562
44	0.041162
44	0.040771
44	0.040387
45	0.04001
46	0.039641
47	0.039279
47	0.038924
47	0.038575
47	0.038233
47	0.037896
47	0.037567
48	0.037243
49	0.036924
50	0.036612
50	0.036305
51	0.036003
51	0.035706
51	0.035415
51	0.035128
52	0.034847
53	0.03457
54	0.034297
54	0.034029
54	0.033766
54	0.033506
54	0.033251
54	0.033
55	0.032752
56	0.032509
57	0.032269
57	0.032033
58	0.031801
58	0.031572
58	0.031347
58	0.031125
58	0.030906
59	0.03069
60	0.030478
61	0.030269
61	0.030062
61	0.029859
61	0.029658
61	0.029461
62	0.029266
63	0.029074
64	0.028884
65	0.028697
65	0.028512
65	0.02833
65	0.028151
65	0.027974
65	0.027799
66	0.027626
67	0.027456
68	0.027288
69	0.027122
69	0.026958
69	0.026796
69	0.026637
69	0.026479
70	0.026323
71	0.02617
72	0.026018
72	0.025868
72	0.025719
72	0.025573
72	0.025428
72	0.025285
73	0.025144
74	0.025004
75	0.024866
75	0.02473
75	0.024595
75	0.024462
75	0.02433
75	0.0242
76	0.024071
77	0.023944
77	0.023818
77	0.023694
77	0.02357
77	0.023449
77	0.023328
78	0.023209
79	0.023091
80	0.022975
81	0.022859
81	0.022745
81	0.022632
81	0.022521
81	0.02241
82	0.022301
83	0.022193
84	0.022085
85	0.021979
85	0.021874
85	0.02177
85	0.021668
85	0.021566
85	0.021465
86	0.021365
87	0.021266
88	0.021168
88	0.021072
88	0.020976
88	0.020881
88	0.020786
88	0.020693
88	0.020601
88	0.020509
89	0.020419
90	0.020329
91	0.02024
92	0.020152
93	0.020065
94	0.019978
94	0.019893
94	0.019808
95	0.019724
95	0.01964
95	0.019558
95	0.019476
95	0.019395
95	0.019315
96	0.019235
97	0.019156
98	0.019078
99	0.019
100	0.018923
100	0.018847
101	0.018771
101	0.018696
101	0.018622
101	0.018548
102	0.018475
103	0.018403
104	0.018331
104	0.018259
104	0.018189
104	0.018119
104	0.018049
104	0.01798
105	0.017912
106	0.017844
107	0.017777
107	0.01771
107	0.017644
107	0.017578
107	0.017513
108	0.017449
109	0.017384
110	0.017321
110	0.017258
110	0.017195
110	0.017133
110	0.017071
110	0.01701
111	0.01695
112	0.016889
113	0.01683
114	0.01677
114	0.016711
114	0.016653
114	0.016595
115	0.016537
116	0.01648
117	0.016424
117	0.016367
117	0.016311
117	0.016256
117	0.016201
118	0.016146
119	0.016092
120	0.016038
120	0.015985
120	0.015932
120	0.015879
120	0.015827
121	0.015775
122	0.015723
123	0.015672
124	0.015621
125	0.01557
125	0.01552
125	0.01547
125	0.015421
126	0.015372
127	0.015323
128	0.015275
128	0.015226
128	0.015179
128	0.015131
128	0.015084
128	0.015037
129	0.014991
130	0.014944
131	0.014898
132	0.014853
132	0.014808
132	0.014763
132	0.014718
133	0.014673
134	0.014629
135	0.014585
135	0.014542
136	0.014499
136	0.014456
136	0.014413
136	0.01437
137	0.014328
138	0.014286
139	0.014245
139	0.014203
139	0.014162
139	0.014121
139	0.014081
139	0.01404
140	0.014
141	0.01396
142	0.013921
142	0.013881
142	0.013842
142	0.013803
142	0.013765
142	0.013726
143	0.013688
144	0.01365
145	0.013612
145	0.013575
145	0.013538
145	0.0135
145	0.013464
145	0.013427
146	0.013391
147	0.013354
147	0.013318
148	0.013283
148	0.013247
148	0.013212
148	0.013177
149	0.013142
150	0.013107
151	0.013072
151	0.013038
151	0.013004
151	0.01297
151	0.012936
152	0.012903
153	0.012869
154	0.012836
154	0.012803
155	0.01277
155	0.012738
155	0.012705
155	0.012673
156	0.012641
157	0.012609
158	0.012577
158	0.012545
158	0.012514
158	0.012483
158	0.012452
159	0.012421
160	0.01239
161	0.01236
161	0.012329
161	0.012299
161	0.012269
161	0.012239
162	0.012209
163	0.01218
164	0.01215
164	0.012121
164	0.012092
164	0.012063
164	0.012034
165	0.012005
166	0.011977
167	0.011948
168	0.01192
168	0.011892
168	0.011864
168	0.011836
168	0.011809
169	0.011781
170	0.011754
171	0.011726
171	0.011699
171	0.011672
171	0.011645
171	0.011619
171	0.011592
172	0.011566
173	0.01154
173	0.011513
174	0.011487
174	0.011461
174	0.011436
174	0.01141
175	0.011384
176	0.011359
177	0.011334
178	0.011309
179	0.011284
179	0.011259
179	0.011234
179	0.011209
180	0.011185
181	0.01116
182	0.011136
182	0.011112
182	0.011088
182	0.011064
182	0.01104
183	0.011016
184	0.010992
185	0.010969
185	0.010945
185	0.010922
185	0.010899
185	0.010876
185	0.010853
186	0.01083
187	0.010807
188	0.010785
188	0.010762
188	0.01074
188	0.010717
188	0.010695
188	0.010673
189	0.010651
190	0.010629
190	0.010607
191	0.010585
191	0.010563
191	0.010542
191	0.01052
192	0.010499
193	0.010478
193	0.010457
193	0.010436
193	0.010415
193	0.010394
193	0.010373
194	0.010352
195	0.010332
196	0.010311
196	0.010291
196	0.01027
196	0.01025
196	0.01023
196	0.01021
197	0.01019
198	0.01017
199	0.01015
199	0.01013
199	0.010111
199	0.010091
199	0.010072
200	0.010052
201	0.010033
202	0.010014
202	0.009994
202	0.009975
202	0.009956
202	0.009937
203	0.009919
204	0.0099
205	0.009881
205	0.009862
205	0.009844
205	0.009825
205	0.009807
206	0.009789
207	0.009771
208	0.009752
208	0.009734
208	0.009716
208	0.009698
208	0.009681
208	0.009663
209	0.009645
210	0.009627
210	0.00961
211	0.009592
211	0.009575
211	0.009557
211	0.00954
212	0.009523
213	0.009506
214	0.009489
214	0.009472
215	0.009455
215	0.009438
215	0.009421
215	0.009404
216	0.009388
217	0.009371
218	0.009354
218	0.009338
218	0.009322
218	0.009305
218	0.009289
218	0.009273
219	0.009256
219	0.00924
219	0.009224
219	0.009208
219	0.009192
219	0.009177
220	0.009161
220	0.009145
220	0.009129
221	0.009114
222	0.009098
223	0.009083
224	0.009067
225	0.009052
226	0.009036
227	0.009021
227	0.009006
227	0.008991
227	0.008976
227	0.008961
227	0.008946
227	0.008931
227	0.008916
228	0.008901
229	0.008886
230	0.008872
231	0.008857
232	0.008842
233	0.008828
234	0.008813
235	0.008799
235	0.008784
235	0.00877
235	0.008756
235	0.008741
236	0.008727
236	0.008713
236	0.008699
237	0.008685
238	0.008671
239	0.008657
240	0.008643
241	0.008629
242	0.008616
243	0.008602
244	0.008588
244	0.008574
244	0.008561
244	0.008547
244	0.008534
244	0.00852
244	0.008507
244	0.008494
244	0.00848
245	0.008467
246	0.008454
247	0.008441
248	0.008428
249	0.008414
250	0.008401
251	0.008388
252	0.008375
253	0.008363
254	0.00835
255	0.008337
255	0.008324
255	0.008311
255	0.008299
255	0.008286
255	0.008273
255	0.008261
255	0.008248
255	0.008236
255	0.008223
256	0.008211
256	0.008199
256	0.008186
256	0.008174
256	0.008162
257	0.00815
258	0.008138
259	0.008126
260	0.008113
261	0.008101
262	0.008089
263	0.008077
264	0.008066
265	0.008054
265	0.008042
265	0.00803
265	0.008018
265	0.008007
265	0.007995
265	0.007983
266	0.007972
266	0.00796
266	0.007949
266	0.007937
267	0.007926
268	0.007914
269	0.007903
270	0.007892
271	0.00788
272	0.007869
273	0.007858
274	0.007847
275	0.007835
276	0.007824
277	0.007813
277	0.007802
277	0.007791
277	0.00778
277	0.007769
277	0.007758
277	0.007747
277	0.007737
277	0.007726
277	0.007715
277	0.007704
277	0.007694
278	0.007683
279	0.007672
280	0.007662
281	0.007651
282	0.007641
283	0.00763
284	0.00762
285	0.007609
286	0.007599
287	0.007588
287	0.007578
287	0.007568
287	0.007557
287	0.007547
287	0.007537
287	0.007527
287	0.007516
287	0.007506
287	0.007496
287	0.007486
288	0.007476
288	0.007466
288	0.007456
288	0.007446
289	0.007436
290	0.007426
291	0.007416
292	0.007407
293	0.007397
294	0.007387
295	0.007377
296	0.007368
297	0.007358
298	0.007348
299	0.007339
299	0.007329
299	0.007319
299	0.00731
299	0.0073
299	0.007291
299	0.007281
299	0.007272
299	0.007263
299	0.007253
299	0.007244
299	0.007234
299	0.007225
300	0.007216