0	0.693147
0	0.692391
0	0.691636
0	0.690882
1	0.690129
2	0.689377
2	0.688627
2	0.687877
2	0.687129
2	0.686382
3	0.685636
4	0.684891
4	0.684148
4	0.683405
4	0.682664
5	0.681924
6	0.681185
7	0.680447
7	0.67971
7	0.678974
7	0.67824
8	0.677506
9	0.676774
9	0.676043
9	0.675313
9	0.674584
10	0.673857
11	0.67313
11	0.672405
11	0.67168
11	0.670957
11	0.670235
12	0.669514
12	0.668794
12	0.668075
12	0.667358
12	0.666641
13	0.665926
14	0.665211
14	0.664498
14	0.663786
14	0.663075
15	0.662365
16	0.661656
16	0.660948
16	0.660242
16	0.659536
16	0.658831
17	0.658128
18	0.657426
18	0.656724
18	0.656024
18	0.655325
18	0.654627
19	0.65393
20	0.653234
20	0.65254
20	0.651846
20	0.651153
21	0.650462
22	0.649771
22	0.649082
22	0.648393
22	0.647706
22	0.64702
23	0.646335
24	0.64565
24	0.644967
24	0.644285
24	0.643604
25	0.642924
26	0.642245
26	0.641568
26	0.640891
26	0.640215
26	0.63954
27	0.638867
28	0.638194
28	0.637522
28	0.636852
28	0.636182
29	0.635514
30	0.634846
30	0.63418
30	0.633514
30	0.63285
31	0.632186
32	0.631524
32	0.630863
32	0.630202
32	0.629543
32	0.628885
33	0.628227
34	0.627571
34	0.626916
34	0.626261
34	0.625608
35	0.624956
36	0.624305
36	0.623654
36	0.623005
36	0.622357
36	0.621709
37	0.621063
37	0.620418
37	0.619774
37	0.61913
37	0.618488
38	0.617847
39	0.617206
39	0.616567
39	0.615928
39	0.615291
39	0.614654
40	0.614019
40	0.613384
40	0.612751
40	0.612118
40	0.611487
41	0.610856
42	0.610227
42	0.609598
42	0.60897
42	0.608343
42	0.607718
43	0.607093
44	0.606469
45	0.605846
45	0.605224
45	0.604603
45	0.603983
46	0.603364
47	0.602745
47	0.602128
47	0.601512
47	0.600897
47	0.600282
48	0.599669
48	0.599056
48	0.598445
48	0.597834
48	0.597224
49	0.596615
50	0.596007
50	0.5954
50	0.594794
50	0.594189
50	0.593585
51	0.592982
52	0.59238
52	0.591778
52	0.591178
52	0.590578
53	0.589979
54	0.589382
54	0.588785
54	0.588189
54	0.587594
54	0.587
55	0.586406
56	0.585814
56	0.585223
56	0.584632
56	0.584043
57	0.583454
58	0.582866
58	0.582279
58	0.581693
58	0.581108
58	0.580524
59	0.57994
60	0.579358
60	0.578776
60	0.578196
60	0.577616
61	0.577037
61	0.576459
61	0.575881
61	0.575305
61	0.57473
62	0.574155
63	0.573581
63	0.573009
63	0.572437
63	0.571866
63	0.571295
64	0.570726
65	0.570157
65	0.56959
65	0.569023
65	0.568457
66	0.567892
67	0.567328
67	0.566765
67	0.566202
67	0.56564
67	0.56508
68	0.56452
69	0.563961
69	0.563402
69	0.562845
69	0.562288
70	0.561733
71	0.561178
72	0.560624
72	0.56007
72	0.559518
72	0.558966
73	0.558416
74	0.557866
74	0.557317
74	0.556769
74	0.556221
74	0.555675
75	0.555129
76	0.554584
76	0.55404
76	0.553497
76	0.552954
77	0.552412
78	0.551872
78	0.551332
78	0.550792
78	0.550254
78	0.549716
79	0.54918
80	0.548644
80	0.548108
80	0.547574
80	0.547041
81	0.546508
82	0.545976
83	0.545445
83	0.544914
83	0.544385
83	0.543856
84	0.543328
85	0.542801
85	0.542274
85	0.541749
85	0.541224
86	0.5407
87	0.540177
87	0.539654
87	0.539133
87	0.538612
87	0.538092
88	0.537572
89	0.537054
89	0.536536
89	0.536019
89	0.535503
90	0.534987
91	0.534472
91	0.533959
91	0.533445
91	0.532933
91	0.532421
92	0.53191
93	0.5314
93	0.530891
93	0.530382
93	0.529875
93	0.529368
94	0.528861
95	0.528356
95	0.527851
95	0.527347
95	0.526844
96	0.526341
97	0.525839
97	0.525338
97	0.524838
97	0.524338
98	0.523839
99	0.523341
100	0.522844
100	0.522347
100	0.521852
100	0.521356
101	0.520862
102	0.520368
102	0.519875
102	0.519383
102	0.518892
103	0.518401
104	0.517911
104	0.517422
104	0.516933
104	0.516445
104	0.515958
105	0.515472
106	0.514986
106	0.514501
106	0.514017
106	0.513534
107	0.513051
108	0.512569
108	0.512087
108	0.511607
108	0.511127
108	0.510647
109	0.510169
109	0.509691
109	0.509214
109	0.508738
109	0.508262
110	0.507787
111	0.507312
111	0.506839
111	0.506366
111	0.505894
111	0.505422
112	0.504951
112	0.504481
112	0.504012
112	0.503543
112	0.503075
113	0.502608
114	0.502141
114	0.501675
114	0.50121
114	0.500745
114	0.500281
115	0.499818
115	0.499355
115	0.498893
115	0.498432
115	0.497971
116	0.497512
117	0.497052
117	0.496594
117	0.496136
117	0.495679
117	0.495222
118	0.494766
119	0.494311
119	0.493857
119	0.493403
119	0.49295
119	0.492497
120	0.492045
121	0.491594
121	0.491143
121	0.490694
121	0.490244
121	0.489796
122	0.489348
123	0.4889
124	0.488454
124	0.488008
124	0.487563
124	0.487118
125	0.486674
126	0.48623
127	0.485788
127	0.485346
127	0.484904
127	0.484463
127	0.484023
128	0.483584
129	0.483145
129	0.482707
129	0.482269
129	0.481832
129	0.481396
130	0.48096
131	0.480525
131	0.48009
131	0.479657
131	0.479223
131	0.478791
132	0.478359
133	0.477928
134	0.477497
134	0.477067
134	0.476637
134	0.476209
134	0.47578
135	0.475353
136	0.474926
136	0.474499
136	0.474074
136	0.473649
137	0.473224
138	0.4728
138	0.472377
138	0.471954
138	0.471532
138	0.471111
139	0.47069
140	0.47027
140	0.46985
140	0.469431
140	0.469013
141	0.468595
142	0.468178
142	0.467761
142	0.467345
142	0.466929
142	0.466515
143	0.4661
144	0.465687
144	0.465274
144	0.464861
144	0.464449
145	0.464038
146	0.463627
146	0.463217
146	0.462808
146	0.462399
146	0.46199
147	0.461583
148	0.461176
149	0.460769
149	0.460363
149	0.459958
149	0.459553
150	0.459148
151	0.458745
151	0.458342
151	0.457939
151	0.457537
151	0.457136
152	0.456735
153	0.456335
153	0.455935
153	0.455536
153	0.455137
154	0.454739
155	0.454342
155	0.453945
155	0.453549
155	0.453153
155	0.452758
156	0.452363
157	0.451969
157	0.451576
157	0.451183
157	0.45079
158	0.450399
159	0.450007
159	0.449617
159	0.449227
159	0.448837
159	0.448448
160	0.448059
161	0.447672
161	0.447284
161	0.446897
161	0.446511
162	0.446125
163	0.44574
163	0.445355
163	0.444971
163	0.444588
163	0.444205
164	0.443822
165	0.44344
165	0.443059
165	0.442678
165	0.442298
166	0.441918
167	0.441538
167	0.44116
167	0.440782
167	0.440404
167	0.440027
168	0.43965
169	0.439274
169	0.438898
169	0.438523
169	0.438149
170	0.437775
171	0.437401
171	0.437029
171	0.436656
171	0.436284
171	0.435913
172	0.435542
173	0.435172
173	0.434802
173	0.434433
173	0.434064
173	0.433696
174	0.433328
175	0.432961
175	0.432594
175	0.432228
175	0.431862
176	0.431497
177	0.431132
177	0.430768
177	0.430404
177	0.430041
177	0.429678
178	0.429316
179	0.428955
179	0.428594
179	0.428233
179	0.427873
180	0.427513
181	0.427154
181	0.426795
181	0.426437
181	0.42608
181	0.425722
182	0.425366
183	0.42501
183	0.424654
183	0.424299
183	0.423944
184	0.42359
185	0.423236
185	0.422883
185	0.42253
185	0.422178
185	0.421826
186	0.421475
187	0.421124
187	0.420774
187	0.420424
187	0.420075
188	0.419726
189	0.419378
189	0.41903
189	0.418682
189	0.418336
189	0.417989
190	0.417643
191	0.417298
191	0.416953
191	0.416608
191	0.416264
192	0.41592
193	0.415577
193	0.415235
193	0.414892
193	0.414551
193	0.414209
194	0.413869
195	0.413528
195	0.413189
195	0.412849
195	0.41251
195	0.412172
196	0.411834
197	0.411496
197	0.411159
197	0.410823
197	0.410486
198	0.410151
199	0.409816
200	0.409481
200	0.409146
200	0.408813
200	0.408479
201	0.408146
202	0.407814
202	0.407482
202	0.40715
202	0.406819
203	0.406488
204	0.406158
204	0.405828
204	0.405499
204	0.40517
205	0.404842
206	0.404514
206	0.404186
206	0.403859
206	0.403532
207	0.403206
208	0.40288
209	0.402555
209	0.40223
209	0.401905
209	0.401581
210	0.401258
211	0.400935
211	0.400612
211	0.40029
211	0.399968
211	0.399646
212	0.399326
213	0.399005
213	0.398685
213	0.398365
213	0.398046
213	0.397727
214	0.397409
215	0.397091
216	0.396773
216	0.396456
216	0.396139
216	0.395823
217	0.395507
218	0.395192
218	0.394877
218	0.394562
218	0.394248
218	0.393935
219	0.393621
220	0.393308
220	0.392996
220	0.392684
220	0.392372
221	0.392061
222	0.39175
222	0.39144
222	0.39113
222	0.390821
223	0.390511
224	0.390203
224	0.389894
224	0.389586
224	0.389279
224	0.388972
225	0.388665
226	0.388359
226	0.388053
226	0.387748
226	0.387443
227	0.387138
228	0.386834
228	0.38653
228	0.386227
228	0.385924
228	0.385621
229	0.385319
230	0.385017
230	0.384716
230	0.384415
230	0.384114
230	0.383814
231	0.383514
232	0.383215
232	0.382916
232	0.382617
232	0.382319
233	0.382021
234	0.381723
234	0.381426
234	0.38113
234	0.380833
234	0.380538
235	0.380242
235	0.379947
235	0.379652
235	0.379358
235	0.379064
236	0.378771
237	0.378477
237	0.378185
237	0.377892
237	0.3776
237	0.377309
238	0.377017
239	0.376727
239	0.376436
239	0.376146
239	0.375856
240	0.375567
241	0.375278
241	0.374989
241	0.374701
241	0.374413
241	0.374126
242	0.373839
243	0.373552
243	0.373266
243	0.37298
243	0.372694
243	0.372409
243	0.372124
244	0.37184
245	0.371556
245	0.371272
245	0.370989
245	0.370706
245	0.370423
246	0.370141
247	0.369859
247	0.369578
247	0.369297
247	0.369016
248	0.368735
249	0.368455
249	0.368176
249	0.367896
249	0.367618
250	0.367339
251	0.367061
251	0.366783
251	0.366505
251	0.366228
252	0.365951
253	0.365675
253	0.365399
253	0.365123
253	0.364848
254	0.364573
255	0.364298
255	0.364024
255	0.36375
255	0.363476
255	0.363203
256	0.36293
256	0.362658
256	0.362386
256	0.362114
256	0.361842
257	0.361571
258	0.3613
258	0.36103
258	0.36076
258	0.36049
259	0.360221
260	0.359952
260	0.359683
260	0.359415
260	0.359147
261	0.358879
262	0.358612
262	0.358345
262	0.358078
262	0.357812
262	0.357546
263	0.35728
264	0.357015
264	0.35675
264	0.356485
264	0.356221
265	0.355957
266	0.355694
266	0.35543
266	0.355167
266	0.354905
267	0.354643
268	0.354381
268	0.354119
268	0.353858
268	0.353597
269	0.353336
270	0.353076
270	0.352816
270	0.352557
270	0.352297
270	0.352038
271	0.35178
272	0.351521
272	0.351264
272	0.351006
272	0.350749
273	0.350492
274	0.350235
274	0.349979
274	0.349723
274	0.349467
275	0.349212
276	0.348957
276	0.348702
276	0.348448
276	0.348193
277	0.34794
278	0.347686
278	0.347433
278	0.34718
278	0.346928
279	0.346676
280	0.346424
280	0.346172
280	0.345921
280	0.34567
280	0.34542
281	0.345169
281	0.34492
281	0.34467
281	0.344421
281	0.344172
282	0.343923
282	0.343675
282	0.343426
282	0.343179
282	0.342931
283	0.342684
283	0.342437
283	0.342191
283	0.341945
283	0.341699
284	0.341453
285	0.341208
285	0.340963
285	0.340718
285	0.340474
286	0.34023
287	0.339986
287	0.339742
287	0.339499
287	0.339256
288	0.339014
289	0.338772
289	0.33853
289	0.338288
289	0.338047
290	0.337806
291	0.337565
291	0.337324
291	0.337084
291	0.336844
292	0.336605
293	0.336365
293	0.336127
293	0.335888
293	0.335649
293	0.335411
294	0.335174
295	0.334936
295	0.334699
295	0.334462
295	0.334225
296	0.333989
297	0.333753
297	0.333517
297	0.333282
297	0.333047
298	0.332812
299	0.332577
299	0.332343
299	0.332109
299	0.331875
299	0.331642
300	0.331409